67867.0	Gostou? Uma representação bem realista, não concorda?
67867.1	Desculpe. Eu mesmo odeio quando olham por cima do meu ombro. É que a sua imagem é intrigante demais.
67867.2	Errei o alvo de novo, acho. Uma pena. Não é a primeira vez.
67867.3	Então, o que é?
67867.4	Tente adivinhar. Talvez eu não seja uma causa totalmente perdida, afinal.
67867.5	A Peste Arenosa.
67867.6	É a Catedral. Estou pintando-a de novo e de novo. Uma representação realista — não sou abstracionista.\nEu faço tudo certo. Um esboço, a base, os tons, os detalhes… No entanto, meus olhos veem uma coisa, e a tela mostra outra. Veja por si mesmo. As linhas e formas se recusam a produzir a imagem completa.
67867.7	Então a senhora está tentando sinceramente pintar o que vê?
67867.8	Sim.\nA Maria Kaina diz que tento desenhar o exterior, mas é o interior que eu consigo. Foi assim que Simon concebeu o prédio. É por isso que nem tento o Poliedro. Sinto-me de costas para ele, e isso é suficiente.\nContinuo pintando essa tal Catedral, e não consigo parar.
67867.9	Simon, Simon em toda parte… Então isso também é obra dele, hein.
67867.10	Talvez seja hora de dar um tempo e descansar do impossível. Agora não é uma boa hora para pintar ao ar livre.
67867.11	Continue. Comprarei o seu quadro quando estiver pronto.
67867.12	O tempo.
67867.13	Isso é a Catedral?
67867.14	O seu humor.
67867.15	A senhora ao menos sabe desenhar? Sombras, perspectiva? Um cavalo, uma cabeça de gesso?
67867.16	Sei. Sou uma boa pintora. A senhora ficaria surpresa. Não me custaria esforço desenhar um cavalo. Ou qualquer prédio.
67867.17	É mais fácil desenhar Deus do que um galo. Então suponho que a senhora pintou outro deus insondável?
67867.18	Isso é… um autorretrato?
67867.19	É claro que não. A senhora é gentil demais.
67867.20	Poderia muito bem ser uma representação decente do que se passa na minha cabeça agora.
67867.21	O que é, então?
67867.22	Suponho que seja agradável. Mas não entendo de pintura. Ao menos é o que me disseram.
67867.23	O que quer que esteja desenhando, não pode ficar assim.
67867.24	Não olhe, ainda não terminei!
67867.25	Desculpe, não quis incomodar.
67867.26	O que é isso que a senhora tem aí?
67867.27	Então de novo não ficou parecido.
67867.28	O que não ficou?
67867.29	Essa Catedral! Há anos tento pintá-la, e nada sai. Acha que não tenho talento? Tenho uma galeria inteira em casa. Aquarela, carvão, óleo! Desenhei a Cidade inteira — só a Catedral, nunca.
67867.30	Como assim?
67867.31	Não entendo. Faço tudo como sempre: esboço, base, tons, detalhes… Mas meus olhos veem uma coisa, e a tela mostra outra. Veja por si mesmo. As linhas e formas se recusam a produzir a imagem completa.
67867.32	A imagem completa… Talvez ela não exista?
67867.33	É o que me dizem com frequência. «Não tente, a Catedral é mais que paredes e janelas, você não vai conseguir». Mas não consigo parar. Pode rir, mas às vezes sinto que sou obcecada pela Catedral.
67867.34	Faça uma pausa, descanse da arte. Agora não é uma boa hora para pintar ao ar livre.
67867.35	Continue. Comprarei seu quadro quando estiver pronto.
74423.0	Por que eu não nasci na estepe?
74423.1	Porque você nasceu na Cidade.
74423.2	Lógica de ferro!
43473.0	Içem a bandeira amarela!
43473.1	A bandeira amarela não significa «quarentena», sua cabeça-dura. É o contrário!
43473.2	É <i>você</i> que significa quarentena! A bandeira amarela significa «enforquem os invasores»!
43473.3	E quem vocês estão planejando enforcar, posso perguntar?
43473.4	Pegue o nosso barquinho, moço.
43473.5	Aquele barco já foi o meu chapéu, sua cabeça-dura!
43473.6	É porque a sua cabeça é tão pequena! Uma cabecinha de fósforo!
43473.7	Então isto é um chapéu?
43473.8	Ele não vai pegar o barco para vocês.
43473.9	A <i>cabeça</i> dele não serve.
43473.10	Ele pensa em meras três dimensões.
43473.11	Você não serve, moço. Deixe o barco quieto.
43473.12	Primeiro de tudo… tem certeza de que é um chapéu? Acho que, se couber em alguém aqui, é em mim.
43473.13	Nunca foi minha intenção pegá-lo. Andar com os pés molhados em setembro é uma péssima ideia.
43473.14	Você acha que essa <i>tridimensionalidade</i> toda combina com a minha cabeça?
43473.15	Só não roubem barcos dos barqueiros…
43473.16	O poder do cérebro não é determinado pelo tamanho da cabeça.
43473.17	As pessoas pensam diferente com este chapéu?
43473.18	Não consigo alcançá-lo.
43473.19	Uma bandeira amarela significa «peste a bordo». Então está correto.
43473.20	Uma bandeira amarela significa «todos a bordo estão saudáveis».
43473.21	Júlio Verne não entendia nada de navegação, sabe?
12749.0	Este elefante é tão agradável ao toque!
12749.1	Que elefante? A senhora está acariciando a casa.
70071.0	Você está bloqueando o sol.
70071.1	Talvez também queira me dizer para não perturbar os seus círculos?
70071.2	Só siga seu caminho, por favor. E não nos entregue.
70071.3	E também devo dar dinheiro a vocês?
70071.4	Esqueça. Só nos deixe em paz, pode? Estamos no seu caminho, ou o quê? Deixe-nos esperar em silêncio, e iremos.
70071.5	Caiam fora agora. Em silêncio. Vai ser assim: vou me virar, e, quando me virar de volta, não quero mais vê-los.
70071.6	Então entrem, por favor. Por que ficar tremendo aqui no frio? Tenho uma cama lá em cima, deixe seu amigo descansar direito.
70071.7	Então, com quem vocês conseguiram se indispor?
70071.8	A Estirpe está caçando um homem. Este recusou. Tomou o lado do estranho. Tem o coração mole demais, ele. Foi assim que aconteceu, não foi, o Verminoso?
70071.9	Conte-me. Quem eles querem matar?
70071.10	Você está chamando ELE de verminoso? Ou é assim que decidiu me tratar?
70071.11	Quem são vocês? Que tipo de criatura é essa?
70071.12	É um odongh.
70071.13	Posso ver que é um odongh. O que ele faz aqui? Este não é lugar para a Estirpe.
70071.14	Ah, é isso? E eu pensando que fosse apenas um caso agudo de elefantíase.
70071.15	E por que você está ajudando um odongh? Você não parece um homem da estepe.
70071.16	E não sou. E daí?
70071.17	É que vocês dois parecem extremamente suspeitos.
70071.18	Justo… Sinceramente, nada disso é da minha conta.
70071.19	O que vocês estão fazendo aqui, pombinhas?
70071.20	Nos escondendo. Não está vendo?
70071.21	Claro que vejo. De quem?
70071.22	Vocês não me agradam. Então caiam fora. E sejam rápidos.
70071.23	Quem está aí?
70071.24	O que vocês estão fazendo aqui?
70071.25	Quem, nós? Nada! Decidimos respirar um pouco de ar fresco com um amigo.
70071.26	Respirem, respirem, faz bem para a imunidade.
70071.27	Vocês são suspeitos. Contem-me.
70071.28	O que há para contar? Ontem, quando ouvi o sino, entendi que algo estava errado. Dizem que um médico da Capital vai comandar! Decidimos, eu e meu amigo, verificar que médico é esse.
70071.29	Eu vou comandar. E, neste momento, estou comandando vocês a pararem com essa bobagem.
70071.30	Viram o que queriam?
70071.31	Eu mesmo não entendi. Gente andando por aqui, e não se sabe por quê. Você conhece esse médico?
70071.32	Conheço. É um bom médico. Não se agitem e não atrapalhem o trabalho dele.
60394.0	E então, o que o senhor está fazendo contra a corrente?.. Conseguiu o que queria? Não lhe dói o esforço alheio?
60394.1	Se sentar mais um pouco nessa terra fria, vai ter a corrente da doença. Há quarentena, meu bom homem. Vá para casa.
60394.2	Espere aí. O senhor deveria saber que o fluxo do pensamento não deve ser interrompido. O senhor mesmo pensa ao menos uma vez por dia, antes das refeições, não? Eu, por exemplo, vou pensar agora — e depois beber, beber os frutos do meu labor.
60394.3	O senhor pretende encher uma garrafa vazia com a força do pensamento? O senhor está em seu juízo perfeito? Deixe-me olhar para o senhor.
60394.4	Por que lutar contra o pensamento em imagens? Se o senhor consegue imaginar uma imagem, ela é natural. E, se o senhor, meu caro, parar de bloquear a corrente, a garrafa logo se encherá de uma bebida forte e azeda — eu me ocupo disso, me ocupo.
60394.5	Pode-se fantasiar qualquer coisa. Nenhum homem jamais conseguiu encher de verdade uma garrafa com a força do pensamento.
60394.6	O homem é a força criativa mais poderosa. E o senhor cede ao pior inimigo interno — a tolice. E o fato de estar aqui, resistindo a novas experiências, só fortalece a sua tolice.
60394.7	Está me convidando a sentar ao lado?
60394.8	Agora, o passado é o seu inimigo mais terrível — um monstro enorme no seu caminho. Mas ele é burro, porque o senhor não sabe de nada. Lute contra o seu passado. Sente-se.
60394.9	É uma piada, meu caro. Não pretendo justificá-lo.
60394.10	Que pena. Justificar tudo o que ofende a sua natureza acanhada só enriqueceria o senhor interiormente. Tente em seu tempo livre. E deixe-me transformar meus pensamentos em uma bebida forte e azeda. A sede me atormenta!
60394.11	O senhor está feliz demais para um abstinente doente, e obcecado demais para um adulto sensato. O que farei com o senhor…
60394.12	Acho que o senhor está só bancando o bobo. Vá para casa, senão mandarei enfermeiros atrás do senhor.
60394.13	…
60394.14	E o senhor, suponho, ficou aí sentado até a iluminação?
60394.15	Acha fácil? Conhecer o caminho e percorrê-lo não são a mesma coisa.
60394.16	Correto. É preciso conhecer tanto o caminho quanto as formas plausíveis de percorrê-lo. E o senhor não parece um homem de pensamento sóbrio.
60394.17	O senhor está com fome? Sua aparência está definhada. Há quanto tempo está sentado aí, sem brincadeira?
60394.18	O criador deve estar com fome!
60394.19	Que criador? O senhor está sentado diante de uma garrafa vazia — o que espera criar?
60394.20	Olhe para si mesmo: não consegue ficar de pé, reza para a garrafa. Não tem vergonha?
60394.21	Rezar para Vênus, isso sim é vergonha. Eu não tenho vergonha nenhuma.
60394.22	Levante-se e vá para casa.
47082.0	Larga essa coisa nojenta, eu disse!
47082.1	É bom ter um interlocutor interessante, não é?
39063.0	O Teatro
39063.1	Qual será o repertório deles, eu me pergunto?
58136.0	Um vigia para o parque
58136.1	Posso pedir ao Araçari para vigiar à noite. Aquele que pediu para escrever a carta. Um favor em troca de outro.
67661.0	Doutor, nós dois somos homens de negócios. Então direto ao ponto. Tenho remédios. Muitos. Posso abrir mão de alguns.
67661.1	Estou com muita pressa. Posso gastar exatamente um minuto e meio com o senhor.
67661.2	Quem é o senhor, desculpe? Um comerciante, um farmacêutico?
67661.3	Sou um homem útil. Não importa de onde vêm os remédios, não é?
67661.4	Importa, sim. Como posso confiar no senhor? Vencidos, defeituosos, falsificados… Desculpe, mas que conversa idiota.
67661.5	Pois bem, suponhamos. Qual é a essência do seu negócio?
67661.6	Vá ao governador da Cidade. Não cuido de suprimentos.
67661.7	Não. A você. Eles serão úteis. E não me convém ir ao Saburov… nem ao Olgimsky.
67661.8	O senhor é um especulador.
67661.9	Pois vou reportá-lo ao Saburov.
67661.10	Meu conselho: não faça isso. Quem sabe o quê: touros podem pisoteá-lo, ou o senhor cai no Gorkhon. Quem o salvaria?
67661.11	Isso é uma ameaça, é? Acho que, sem médico e com essa epidemia, nem o senhor vai durar muito.
67661.12	Me rendo, me rendo. O senhor é intocável. Mas repito a pergunta: interessa-lhe o negócio?
67661.13	Digam-me o seu preço.
67661.14	Seu minuto e meio está acabando.
67661.15	Não. Esse tipo de negócio não me interessa.
67661.16	Para que eu? No varejo, eles lhe renderão mais.
67661.17	Dinheiro não me interessa. Preciso de carvão. Lenha, talvez… Tanto faz, contanto que queime.
67661.18	Para quê?
67661.19	O inverno está chegando. No começo ainda é suportável, mas depois… Aqui não há floresta, e com o abastecimento ferroviário… prevejo dificuldades. E talvez por muito tempo.
67661.20	Não. Isso não é para mim. Deixe-me passar, estou com pressa.
67661.21	Esperto. E a que taxa o senhor troca remédios por lenha?
67661.22	Por peso, dez para um. É um bom negócio. Não peço para levar tudo, mas o lote mínimo… que seja cinquenta. Sim, cinquenta caixas.
67661.23	Como é? Por peso? E os remédios são todos iguais, um cura igual ao outro? Ou o senhor, meu caro, é um patife, ou um idiota.
67661.24	Por peso, doutor. Dez para um.
67661.25	Bom, sabe de uma coisa…
67661.26	E, no fim das contas, gastei com o senhor cinco vezes mais tempo do que planejava. Duvido que seja uma troca vantajosa.
67661.27	Preciso pensar em tudo.
67661.28	O seu negócio tem cheiro de queimado…
67661.29	Senhor Dankovsky, nós dois somos homens de negócios, então não vou desperdiçar o seu tempo e vou direto ao ponto. Se a Cidade enfrenta uma epidemia como a do passado, o senhor precisará de remédios. Muitos remédios. Eu os tenho. Posso ceder alguns ao senhor. Não muito caro.
67661.30	Então o senhor é um especulador. E se eu reportar ao Saburov?
67661.31	Meu conselho: é melhor não fazer isso. Quem sabe o quê: touros podem pisoteá-lo, ou o senhor cai no Gorkhon. Quem o salvaria?
67661.32	Isso é uma ameaça? Receio que, sem médico e com uma epidemia na Cidade, nem o senhor vá durar muito.
67661.33	Me rendo, me rendo. Consideremos o mal-entendido resolvido. Então repito a pergunta: o negócio interessa?
67661.34	Digam-me o seu preço.
67661.35	Por que oferecer os remédios a nós? As pessoas comuns pagariam mais.
67661.36	Se tivessem com que pagar, e nem sempre têm. Além disso, é mais fácil vender um lote grande para o senhor do que esperar o povo comprar tudo aos poucos.
67661.37	Justo. E a que preço o senhor vende os remédios?
67661.38	Numa epidemia, suponho, o senhor não ficará sem compradores.
67661.39	Repito: se tiverem com que pagar.
67661.40	Se quiserem viver, encontrarão.
67661.41	Devo interpretar suas palavras como uma recusa?
67661.42	Por que? Prefiro distribuir esses remédios de graça a ver as pessoas darem o que têm de mais caro por eles. Qual é o seu preço?
67661.43	Acho errado comprar todos os remédios do mercado para o hospital.
67661.44	Quem o obriga a comprar todos? Pode comprar uma parte.
67661.45	Qual é o preço da questão?
67661.46	E qual é o seu preço?
67661.47	Dinheiro não me interessa. Preciso de carvão, lenha — tanto faz, contanto que queime.
67661.48	Permita-me perguntar: para quê? Um negócio muito estranho.
67661.49	O inverno está chegando. No começo é suportável, mas, perto do fim, não há com o que aquecer as casas. Nossa Cidade é de estepe; não se vai à floresta buscar lenha, e aquecer com palha — ela arde e pronto, nada de calor.
67661.50	E o carvão e a lenha, o senhor também vai trocar depois? Vende algo por dinheiro, ao menos?
67661.51	Nada de se preocupar comigo. Não sairei no prejuízo. Então, o que diz à minha proposta?
67661.52	Para começar, gostaria de saber o seu preço. Em lenha e carvão.
67661.53	Bem bolado. Então, a que taxa troca os remédios?
67661.54	Por uma caixa de remédios, duas cestas de lenha ou dois sacos de carvão. Ou seja, dois para um. Não peço que leve tudo, mas o lote mínimo é de cinquenta caixas.
67661.55	Dê-me tempo para pesar os prós e os contras.
67661.56	Infelizmente, não posso me dar ao luxo. Se fosse um lote menor…
67661.57	Então eu é que sairia no prejuízo. Tenho o meu cálculo.
67661.58	Continuarei pensando, é claro, mas o senhor é livre. Se aparecer outro comprador, pode vender sem hesitar.
62088.0	Saudações à alta patente!
62088.1	Piadinhas, é? E quem vai vigiar a ordem?
62088.2	Ué, sem piadinhas a gente morre de tédio! Nos puseram aqui para pegar ladrões — e onde estão os ladrões?
62088.3	É justamente para eles não aparecerem que nos puseram aqui.
62088.4	Está bem, se não for de Peste Arenosa, é de tédio.
62088.5	Tudo calmo? Nenhum infrator?
62088.6	Só um gato de olho na valeriana. Bom, eu o espantei.
62088.7	Talvez tenha sido ele o responsável nas noites anteriores?
62088.8	Quem sabe.
62088.9	Vou indo; continuem assim.
32423.0	Doutor, obrigado mais uma vez pela carta!
32423.1	Deixe disso. Afinal, estamos quites.
32423.2	Sim, sim, o senhor tem razão. Devo ser mais contido.
32423.3	Enviou a carta ao filho?
32423.4	Imediatamente, assim que cheguei em casa.
32423.5	E o parque, está tudo calmo?
32423.6	Mais calmo impossível. O senhor é a primeira pessoa que se demora aqui esta noite.
32423.7	Claro: num parque vazio, todo mundo se sente à vontade para roubar; basta pôr uma guarda, e eles somem sem deixar rastro.
32423.8	Pois é, como deve ser.
32423.9	Ainda não é tarde… Quer dizer, não é de manhã. Não perca a vigilância.
32423.10	Depois de um dia inteiro de cuidados, não é fácil, mas vou me esforçar.
32423.11	Enfim, conto com o senhor.
44532.0	Mandaram-me fazer um relatório sobre o vinagre…
44532.1	O senhor quer dizer ácido acético? Vinagre comum não serve.
44532.2	Quer dizer… Está escrito aqui: «ácido glacial». Treze baldes.
44532.3	Baldes? Por que não medir em litros, logo…
44532.4	Treze vezes vinte… 156 litros? Isso é significativo.
44532.5	Ácido glacial? Não acredito!
44532.6	Ah, sim. O vinagre é crucial. Pode prosseguir. Só seja breve, por favor.
44532.7	E, tipo, pegamos tudo no Bairro dos Curtidores. Nos Armazéns não era seguro.
44532.8	Entregue ao intendente, o Olgimsky Jovem. Acredito que ele cuida dos suprimentos.
44532.9	Impossível. Os Olgimsky roubam, todo mundo sabe. Muita pechincha para o Grande Vlad lucrar com o Abutre.
44532.10	Bem, isso é um assunto interno de vocês. Agora todos respondem <i>a mim</i> em tudo que diz respeito ao surto. Vocês me deram essa autoridade ontem, então não chorem agora.
44532.11	É, mas o problema é: há um surto no Bairro dos Curtidores, ao que parece… Foi colocado em quarentena pelas suas ordens, então ninguém pode entrar. No Bairro dos Curtidores. Onde está o vinagre.
44532.12	Pelo amor de Deus! Está bem. Reúna os enfermeiros. Volto à noite e coletamos tudo.
44532.13	Envie um voluntário. Havia alguém… Markin, acho. Ele mora lá, se não me engano.
44532.14	De qualquer forma, são boas notícias. Vale a pena gastar cinco minutos nesta conversa.
44532.15	Nada de tempo para isso, meu bom homem. Deixe-me passar.
44532.16	Então entregue do Bairro dos Curtidores para a Prefeitura! Resolvemos a partir daí.
44532.17	Por que não os Armazéns?
44532.18	Não. Conheço o seu estoque. Vinagre de mesa não serve para desinfecção.
44532.19	Me ajude! Talvez eu tenha vindo ao lugar errado, mas não sei mais a quem recorrer!
44532.20	Respire. O que aconteceu?
44532.21	Se mesmo assim estiver no lugar errado, eu o direciono.
44532.22	Bom, o caso é o seguinte. Sou do Bairro dos Curtidores. Lá, a Peste Arenosa está devastando tudo. Mudamos a tempo para a casa de uns parentes em outro bairro, mas, na pressa, esqueci os meus remédios. Preciso tirá-los de lá de algum jeito, mas quem vai me deixar entrar…
44532.23	Por que o senhor simplesmente não compra outros?
44532.24	Os remédios são raros. Encomendei-os da Capital. Com os trens do jeito que estão, e antes eu só os conseguia com quem passava por aqui. De uma vez, um lote grande, para durar muito tempo.
44532.25	Espere. Quando a situação acalmar no seu bairro, o senhor busca.
44532.26	Sem os remédios, mal aguento um dia. Preciso com urgência.
44532.27	Então o senhor quer que eu o deixe entrar num bairro infectado?
44532.28	Ou mande alguém do seu pessoal.
44532.29	Onde fica a sua casa, mesmo?
44532.30	Bairro dos Curtidores: há um terreno baldio, e uma casa em formato de esquina. A entrada fica pelo terreno baldio.
44532.31	Preciso ver se tenho alguém disponível. Se houver, entregarão os remédios no hospital para o senhor.
44532.32	Se eu deixar o senhor entrar, depois terá que passar por um exame no hospital.
44532.33	Claro!
44532.34	Repare! Eu disse «se».
44532.35	Talvez haja algum substituto?
44532.36	Não tão eficaz, mas há.
44532.37	Vou ver o que temos em estoque de medicamentos. Se der, o senhor diz no hospital o que precisa.
44532.38	Não sei como agradecer!
44532.39	Ainda é cedo.
32300.0	Mil-folhas, tanásia, absinto, ledo… agripalma, também. E, é claro, swevery.
32300.1	E onde está o meu homem?
32300.2	Ainda é cedo. Vou encontrá-lo e ir para casa.
32300.3	Se ele se atrasar, avise que o espero para uma conversa séria.
32300.4	Pode ter certeza.
32300.5	Nesse caso, vou indo.
32300.6	Como está indo?
32300.7	Se eu tivesse uma ajuda à noite, ficaria muito mais tranquilo.
32300.8	Ah, se eu tivesse ajuda… de dia e de noite.
32300.9	Já que o senhor veio, dê uma olhada nisto… Embora, vejo, não lhe interessa. O senhor não é herborista.
32300.10	Tem certeza de que não foi uma cabra? Elas são especialmente ávidas por ervas nesta época do ano.
32300.11	Então, pegou o culpado?
32300.12	Por ora, tudo calmo. Veremos o que a noite traz.
47812.0	Saudações, colega! Assim que soube da sua chegada, senti vontade de visitá-lo, mas as coisas sempre atrapalhavam…
47812.1	Colega, diz o senhor?
47812.2	De certa forma, sim. Também me interesso pela natureza. Mas, para o senhor, é o corpo humano; para mim, o reino vegetal.
47812.3	Então o senhor é botânico.
47812.4	O quê, eu? Apenas um humilde zelador do parque local.
47812.5	O que estava atrapalhando?
47812.6	Trabalho, afazeres do dia a dia. E a situação atual em geral, como o senhor bem sabe.
47812.7	Onde o senhor trabalha?
47812.8	Vigio o parque da Cidade.
47812.9	O senhor veio me ver por um motivo específico?
47812.10	A que devo a honra?
47812.11	O fato é que sou o zelador do parque local…
47812.12	Entendo, entendo.
47812.13	Gostaria de ter vindo sem motivo, mas, infelizmente: alguém vem roubando as plantas medicinais do parque à noite. Arrancando-as pela raiz, quebrando os caules. O senhor é médico, deve entender que a automedicação não leva a nada de bom.
47812.14	Há quanto tempo isso começou?
47812.15	Há umas duas noites. Como se tivesse começado junto com a epidemia.
47812.16	Parece. E o que posso fazer a respeito?
47812.17	O senhor está sugerindo que eu encontre os vândalos?
47812.18	Isso é possível?
47812.19	É bem problemático. Há mais alguma coisa em que possa ajudar?
47812.20	Precisaria de alguém para vigiar à noite. Eu mesmo faria, mas já passo o dia inteiro no parque.
47812.21	Saburov não pode ajudá-lo?
47812.22	Não é o senhor quem comanda a epidemia agora? Pensava que todos os recursos estivessem sob seu comando.
47812.23	Não pediu ajuda aos amigos?
47812.24	Todos têm seus próprios problemas agora… E também é constrangedor pedir aos próximos, já que seria algo contínuo.
47812.25	É verdade.
47812.26	Então, pode ajudar?
47812.27	Na verdade, cada pessoa à minha disposição conta…
47812.28	Não estou pedindo de graça! Seria melhor que essas ervas fossem úteis ao senhor. Eu mesmo seco algumas, para ser honesto.
47812.29	Não que isso mude a situação drasticamente, mas talvez haja algo que eu possa fazer. Ainda não posso prometer nada.
47812.30	Não posso responder de imediato. Preciso avaliar minhas possibilidades. Dê-me algum tempo.
47812.31	Obrigado! Ficarei em dívida!
47812.32	Ainda não fiz nada.
47812.33	Plantas medicinais, diz o senhor? Que tipo?
47812.34	Toda sorte de ervas da estepe: twyre, swevery, ashen swish. O velho Burakh costumava fazer tinturas com elas, e eu as plantei no parque: uma espécie de jardim botânico.
47812.35	Então por que não simplesmente ir à estepe colhê-las? Aposto que lá há mais.
47812.36	Talvez seja porque o parque fica mais perto. Talvez estejam fazendo por maldade, mas por que alguém faria isso, não faço ideia. Mas não é esse o ponto.
47812.37	Então qual é?
27934.0	Já faz um dia desde que a epidemia foi declarada, mas as coisas ainda estão meio confusas. Quem seguir e o que fazer? O povo quer ouvir as autoridades da Cidade.
27934.1	Pelo que sei, a senhora sobreviveu ao primeiro surto, há cinco anos. Então sabe o que fazer melhor do que eu.
27934.2	Quer dizer que não houve avanços na medicina por cinco anos? É decepcionante ouvir isso, devo dizer.
27934.3	Na minha opinião, nos últimos cinco anos a medicina se empenhou diligentemente em avançar — só que na direção contrária.
27934.4	E o que exatamente a senhora quer ouvir? Um guia completo, talvez, sobre o manuseio adequado dos falecidos?
27934.5	Querem garantias de que está tudo sob controle? De fato, como é que essa noção não me passou pela cabeça imediatamente?
27934.6	O senhor é o médico da Capital e, além disso, recebeu autoridade na nossa Cidade. É sua responsabilidade, então, compartilhar suas ideias sobre como combater esta doença.
27934.7	Algo mais?
27934.8	Ah, pois bem, sente-se, fique à vontade. Permita-me apresentar meus planos para os próximos dias…
27934.9	Por que está me contando? Precisa contar para todo mundo!
27934.10	Então faça uma lista de perguntas.
27934.11	Depois do que aconteceu aqui há três dias, durante a caçada à transmissora, o que o povo mais teme é o saqueio. A ameaça de ficar sem suprimentos — comida, água e lenha — é iminente. Esses assuntos precisam ser abordados.
27934.12	O que há para dizer? Tudo isso <i>vai</i> acontecer. Preparem-se.
27934.13	Bom, o resto das perguntas pode ser respondido, não pode?
27934.14	No geral, sim, mas isso pode criar certas expectativas. Imagina a reação se elas não forem cumpridas?
27934.15	Pois se esforce para cumpri-las, então.
27934.16	Não. Não podem.
27934.17	Vou anotar.
27934.18	Então esperamos um discurso seu?
27934.19	Se sobrar tempo. Se a senhora acha que não tenho mais nada a fazer, está profundamente enganada.
27934.20	Então mande outra pessoa no seu lugar. Ou deixe o Juiz, o Saburov e o Grande Vlad falarem. Os três.
27934.21	A senhora está me dizendo o que fazer?
27934.22	Não. Não quis dizer isso.
27934.23	Assim é melhor.
27934.24	Por que se segurar? Eu adoro ouvir todo mundo, avaliar a fundo, contemplar, repensar tudo de novo. Contanto que eu não tenha que fazer nada.
27934.25	De fato, um trio harmonioso eles farão.
27934.26	Não. Não haverá discursos.
